0
10.6674
18.5705
24.0535
27.8352
30.2129
32.0695
33.4416
34.6069
35.4802
36.1051
36.6474
36.9279
37.3733
37.7923
38.1798
38.5117
38.7492
39.0074
39.2078
39.5123
39.802
40.0674
40.2588
40.5792
40.6945
40.8387
41.05
41.2236
41.4617
41.6916
41.9672
42.0509
42.1705
42.2481
42.379
42.5942
42.6774
42.8852
43.2072
43.293
43.4023
43.4408
43.5486
43.687
43.8403
43.8989
43.952
44.0097
44.0597
44.1702
44.298
44.541
44.7766
44.8665
44.9822
44.9536
45.1086
45.2107
45.1576
45.0835
45.1574
45.3498
45.5036
45.5356
45.5308
45.5832
45.4845
45.6264
45.8407
45.8135
45.7618
45.9667
46.0979
46.1555
46.2372
46.0862
46.0232
46.0691
46.069
46.1313
46.0612
46.2311
46.3741
46.269
46.2983
46.2101
46.2755
46.2656
46.4065
46.3492
46.343
46.2671
46.1954
46.1722
46.1554
46.2699
46.2185
46.3069
46.342
46.324
46.0461
46.2138
46.2791
46.2228
46.0907
46.1585
46.2383
46.3827
46.3026
46.0818
46.1824
46.4147
46.4474
46.491
46.3322
46.2854
46.237
46.2195
45.9999
45.9356
46.0374
46.109
46.0933
45.9914
45.8969
45.9146
46.0566
46.1518
45.9692
45.8969
45.6762
45.4683
45.3913
45.4129
45.3392
45.2709
45.3105
45.2859
45.3166
45.1864
45.318
45.17
44.8904
44.6362
44.61
44.5804
44.5762
44.5579
44.4286
44.294
44.3066
44.2502
44.3686
44.2578
43.994
43.9237
43.7676
43.5578
43.5132
43.2749
43.0639
43.0526
42.688
42.3707
42.2277
42.2324
42.0654
41.9083
41.8206
41.7064
41.5551
41.4815
41.2342
41.0453
40.7059
40.3581
40.0731
39.9156
39.8459
39.5989
39.2176
38.8818
38.5154
38.1198
37.9596
37.769
37.4179
36.9351
36.4777
35.8809
35.2646
34.4232
33.4208
31.8746
29.9305
27.3501
23.6209
18.0812
10.4449
0
