0
11.1063
19.1858
24.9278
28.8573
31.6009
33.4887
34.7647
35.7059
36.4508
36.8828
37.3219
37.7192
38.0771
38.5921
38.9842
39.2231
39.5662
39.7745
40.0089
39.942
40.1311
40.5247
40.4897
40.6978
40.7075
40.9411
41.0666
41.1938
41.5247
41.6688
41.7258
41.7534
41.8097
41.9225
41.9288
42.0229
42.1075
42.217
42.1181
42.1137
42.2542
42.4231
42.5585
42.7932
42.7529
42.7997
43.0515
43.1117
43.1111
43.0498
43.0837
43.1236
43.3775
43.3996
43.4409
43.5414
43.4503
43.4991
43.5537
43.4632
43.6508
43.7402
43.653
43.6089
43.6051
43.744
43.6744
43.69
43.8125
43.8349
44.0685
44.1114
44.0783
44.1617
44.1491
44.2095
44.1098
44.0685
44.077
44.2683
44.5322
44.5257
44.5754
44.5276
44.4634
44.402
44.4033
44.3088
44.4131
44.3319
44.268
44.2378
44.3575
44.3605
44.4139
44.3221
44.2693
44.1863
44.2276
44.2462
44.4152
44.5439
44.4491
44.4455
44.293
44.2107
44.2562
44.2619
44.2097
44.2889
44.2331
44.2691
44.3863
44.5775
44.3172
44.3889
44.2886
44.2396
44.4866
44.4728
44.4052
44.4718
44.3709
44.2255
44.1345
44.062
44.0327
43.9437
43.9857
44.1396
44.1247
44.0812
44.0368
43.8905
43.7163
43.688
43.9071
43.9585
43.9653
43.9776
43.8776
43.7724
43.6281
43.5347
43.4708
43.3837
43.2487
43.3312
43.2443
43.1528
43.1898
42.9564
42.8797
42.9947
43.0416
42.976
42.8721
42.6893
42.5149
42.4514
42.525
42.2498
42.0769
42.1904
42.1668
42.0795
42.0313
41.7785
41.6029
41.6281
41.3652
41.205
41.2361
40.9983
40.7199
40.6773
40.6361
40.4685
40.3042
40.1284
40.0245
39.648
39.3496
39.1621
38.8404
38.5554
38.2363
37.8293
37.3885
37.069
36.392
35.634
34.7785
33.5269
31.7633
29.4045
25.503
19.479
11.1688
0
