0
11.2294
19.4733
25.0874
28.7731
31.2039
32.9322
34.0526
35.1159
36.074
36.7089
37.3901
37.9726
38.4793
38.7398
38.8697
38.8741
39.0174
39.1944
39.4137
39.6842
39.8945
40.1067
40.2959
40.4571
40.7358
40.9481
41.069
41.2414
41.2909
41.2453
41.2673
41.3688
41.565
41.675
41.5999
41.701
41.9656
42.2367
42.3289
42.1288
42.001
42.1364
42.2085
42.4307
42.4933
42.7096
42.8021
42.7759
42.709
42.9451
43.0458
43.1591
43.2336
43.2089
43.1211
43.2186
43.328
43.4459
43.34
43.4435
43.3362
43.4566
43.5913
43.6079
43.5361
43.6469
43.8819
43.9001
43.8544
44.0034
43.91
43.9389
43.8491
43.6873
43.7727
43.8113
43.9151
43.8266
43.8467
43.8869
44.0497
44.0878
44.0266
44.1352
44.263
44.2775
44.1098
44.2499
44.215
44.2533
44.3201
44.4354
44.4823
44.3747
44.4188
44.2636
44.3353
44.3929
44.4705
44.5231
44.5993
44.3237
44.1335
44.1413
44.2247
44.2821
44.2204
44.2418
44.2618
44.3574
44.4505
44.6162
44.5717
44.4697
44.392
44.2125
44.183
44.0364
43.9582
44.0158
44.1058
44.2137
44.1962
44.1275
44.2817
44.0986
44.1957
44.1775
44.1828
44.0149
43.7541
43.7541
43.7243
43.6881
43.638
43.5832
43.5788
43.6857
43.5933
43.5459
43.3368
43.3626
43.3287
43.3072
43.1857
43.0259
42.8803
42.9537
42.9016
42.8814
42.9084
42.9614
42.7983
42.7863
42.6486
42.6362
42.3971
42.449
42.6217
42.5582
42.3045
42.0355
41.8451
41.7185
41.7082
41.5921
41.6665
41.675
41.6857
41.5351
41.3011
40.9628
40.8877
40.8273
40.9748
40.7776
40.6719
40.3887
40.2234
39.8871
39.5823
39.3673
39.1534
39.1002
38.8799
38.5527
38.1722
37.8221
37.4776
37.09
36.3867
35.4747
34.4395
33.3241
31.3789
28.5976
24.8593
19.3439
11.2426
0
