0
11.1823
19.1158
24.5546
28.6038
31.3282
33.2483
34.7689
35.8507
36.6862
37.2314
37.639
37.8029
38.0826
38.5081
38.9299
39.201
39.421
39.8106
39.848
39.9264
40.1387
40.3293
40.6363
40.7316
40.7828
40.9136
41.0043
41.1638
41.2247
41.4573
41.4934
41.5609
41.5038
41.5066
41.7662
41.9036
42.242
42.3394
42.3614
42.2085
42.1012
42.2344
42.445
42.7011
42.7519
42.7472
42.7936
42.9241
43.0779
43.0225
43.0734
43.3589
43.6066
43.6332
43.6639
43.6177
43.5631
43.529
43.7208
43.6843
43.8781
43.8812
43.7927
43.625
43.6905
43.822
43.8857
44.0103
44.1292
44.1819
44.0732
43.9408
44.1005
44.0374
44.2091
44.3485
44.397
44.4581
44.4338
44.5367
44.5579
44.5425
44.3218
44.2367
44.2224
44.357
44.3517
44.2676
44.2886
44.163
44.0546
44.1928
44.2842
44.3202
44.3983
44.502
44.5216
44.4664
44.6286
44.6515
44.5546
44.4619
44.4284
44.2645
44.1213
43.9378
44.223
44.4525
44.5288
44.3011
44.2068
44.369
44.2253
44.0704
44.1185
44.1149
44.237
44.157
44.1843
44.2636
44.3077
44.3612
44.1687
44.1971
44.339
44.2179
44.088
44.1115
44.1714
44.2318
43.993
43.9736
43.8694
43.9207
43.9318
44.0088
43.797
43.8103
43.4997
43.3664
43.4953
43.6184
43.5433
43.5362
43.6408
43.7678
43.6207
43.4732
43.5225
43.3053
43.1524
43.0363
42.9784
42.9955
43.0357
43.011
42.721
42.639
42.4947
42.2353
42.1078
42.0895
42.0821
42.1173
42.2082
42.1881
42.0972
41.8917
41.7962
41.8019
41.7395
41.5556
41.2812
40.9997
40.7791
40.6996
40.5627
40.4917
40.2922
39.8625
39.5703
39.4866
39.342
39.058
38.9439
38.6342
38.2857
37.9053
37.6885
37.2804
36.6036
35.722
34.8133
33.6126
31.8464
28.9989
24.979
19.1371
11.0799
0
