0
11.3023
19.4121
25.1025
29.0172
31.5735
33.3291
34.6708
35.5839
36.2966
37.004
37.4821
37.8133
38.0926
38.4683
38.8483
39.1537
39.2868
39.384
39.475
39.737
39.9311
40.1603
40.2255
40.271
40.6146
41.0154
41.123
41.0407
41.1293
41.1153
41.2015
41.239
41.3148
41.4702
41.7976
41.8631
42.0722
42.1611
42.2088
42.3135
42.351
42.3588
42.3956
42.538
42.4844
42.4979
42.5693
42.7594
42.7649
42.862
42.7429
42.8442
42.9923
42.9841
42.985
43.2067
43.3146
43.2775
43.3343
43.2633
43.2901
43.3318
43.3607
43.4138
43.4947
43.5967
43.7954
43.7554
43.6947
43.6219
43.5809
43.6415
43.5434
43.6673
43.7941
43.8861
43.9307
44.0597
44.0977
44.1675
44.1074
43.9513
44.0958
44.2161
44.1465
44.076
44.0845
44.1405
44.0974
44.1837
44.3597
44.4853
44.3771
44.3358
44.378
44.5742
44.5907
44.4861
44.4116
44.4967
44.6573
44.5677
44.4417
44.2888
44.2999
44.3585
44.3244
44.1902
44.2985
44.1961
44.0522
44.4061
44.363
44.1065
44.0297
44.1372
44.2278
44.3911
44.3669
44.3214
44.3086
44.1317
44.2018
43.9925
43.7095
43.7905
43.9778
44.1064
43.8846
43.6987
43.6467
43.7356
43.7469
43.8394
43.7795
43.6587
43.5423
43.4952
43.4372
43.3482
43.3293
43.2589
43.1503
43.1299
43.1716
43.2769
43.3887
43.1334
42.8815
42.7987
42.7524
42.6248
42.7143
42.6225
42.5656
42.5246
42.4176
42.169
42.1188
42.146
42.2887
42.1152
41.9061
41.6945
41.6792
41.644
41.7017
41.6761
41.3729
41.1208
41.0568
41.0114
40.9185
40.7222
40.5021
40.4509
40.3291
40.1646
40.0349
39.8975
39.5802
39.3729
39.1751
38.8769
38.615
38.3331
38.1322
37.7327
37.3977
36.8707
36.3623
35.5487
34.4306
33.1749
31.4658
28.9504
25.03
19.3649
11.1825
0
