0
11.3215
19.5274
25.3449
29.2472
31.8837
33.4866
34.6673
35.5286
36.1919
36.7352
37.1292
37.6875
38.1739
38.5365
38.8236
39.1119
39.3416
39.4765
39.6264
39.7884
39.9749
40.0889
40.2828
40.4398
40.4896
40.591
40.7672
40.728
40.8317
41.0145
41.2779
41.4753
41.6854
41.8838
42.0096
41.9694
42.0823
42.0632
42.0247
41.9819
42.0355
42.2154
42.5681
42.7463
42.7488
42.6979
42.7491
42.7988
42.9436
42.9361
42.8365
43.0846
43.0873
43.1025
43.306
43.3295
43.3802
43.4767
43.5232
43.4946
43.592
43.5986
43.7106
43.7649
43.7272
43.6131
43.6514
43.8733
43.8572
43.906
43.7278
43.7965
43.8123
43.7982
43.7934
43.8863
44.0122
44.1883
44.3149
44.2754
44.1349
44.0997
44.1457
44.2009
44.0127
44.1305
44.2022
44.2738
44.1035
44.0089
44.1675
44.2932
44.2861
44.4468
44.3521
44.1898
44.1346
44.1322
44.1654
44.1763
44.2292
44.2279
44.331
44.3173
44.1412
44.0576
44.0981
44.2757
44.187
44.3005
44.322
44.1763
44.0527
44.2054
44.2736
44.2674
44.1407
44.1318
44.2251
44.2582
44.1851
43.9574
43.7574
43.7909
43.8124
43.9087
44.0249
43.8818
43.7341
43.6846
43.6756
43.6097
43.6077
43.522
43.532
43.4941
43.5885
43.6192
43.6172
43.5056
43.4904
43.3904
43.3909
43.3063
43.1929
43.1471
43.094
43.0532
43.0377
42.9155
43.0469
43.0454
42.9239
42.8075
42.6828
42.6894
42.8215
42.7235
42.4538
42.3129
42.2544
41.9902
41.889
41.7966
41.6516
41.7152
41.5938
41.4497
41.3361
41.3487
41.2581
41.1037
40.8854
40.5488
40.3449
40.4231
40.3159
40.2677
40.073
39.9489
39.6845
39.4799
39.3552
39.086
38.804
38.4223
38.225
37.767
37.3416
36.8623
36.2469
35.381
34.4936
33.2993
31.4872
28.9676
25.2152
19.5462
11.3819
0
