0
11.3582
19.4828
25.1937
29.0111
31.5584
33.4057
34.787
35.9077
36.6613
37.2754
37.7728
38.2228
38.4913
38.8697
39.1722
39.3406
39.4826
39.7242
39.9203
40.1611
40.3678
40.5245
40.5562
40.6867
40.7667
40.8268
41.0738
41.1373
41.1282
41.256
41.4951
41.6798
41.8138
41.9488
41.9841
42.1133
42.4186
42.4678
42.3506
42.4271
42.3221
42.4434
42.5627
42.6381
42.8539
42.9107
42.9535
43.0564
43.056
43.052
43.1938
43.3344
43.345
43.2951
43.4406
43.3539
43.3914
43.6501
43.6848
43.9195
43.9206
43.8271
43.791
43.8862
43.9784
44.0727
44.0849
44.06
44.2246
44.0586
44.1556
44.1437
44.2487
44.0083
43.9098
44.0389
44.0756
44.1266
44.1746
44.1631
44.1865
44.2696
44.3218
44.2778
44.3219
44.2997
44.3854
44.2775
44.2572
44.3387
44.2731
44.3966
44.6445
44.5695
44.5955
44.4664
44.4945
44.532
44.2715
44.2939
44.1783
44.3943
44.2809
44.3211
44.2759
44.3039
44.3853
44.3618
44.3303
44.4767
44.4765
44.363
44.3425
44.4715
44.439
44.222
44.2809
44.2973
44.3405
44.5057
44.4192
44.428
44.5518
44.4338
44.3075
44.1623
44.0494
44.2234
44.3595
44.2887
44.0777
43.9787
43.7339
43.625
43.5577
43.4422
43.4863
43.4414
43.469
43.4723
43.4446
43.3673
43.183
43.2407
43.3253
43.5204
43.4535
43.3065
43.1089
43.1731
43.3034
43.344
43.164
43.0749
42.9523
42.7175
42.5343
42.4373
42.3428
42.379
42.4775
42.4255
42.4277
42.387
42.0853
41.8459
41.7285
41.5404
41.4626
41.5286
41.4707
41.4056
41.3788
41.2081
40.9344
40.7606
40.5146
40.2395
39.9587
39.6394
39.3486
39.2198
39.2748
39.2041
38.963
38.7649
38.5236
38.1643
37.6873
37.2783
36.762
35.9875
34.9298
33.5157
31.6519
28.9889
25.14
19.4954
11.3031
0
