0
11.1526
19.1828
24.972
28.9456
31.4398
33.101
34.4885
35.6148
36.4536
36.8821
37.2101
37.5962
37.9876
38.3552
38.6694
38.8921
39.3101
39.5539
39.7844
39.8807
40.0026
40.1015
40.1949
40.3954
40.5813
40.6168
40.8109
40.9852
41.313
41.473
41.4704
41.5738
41.6457
41.6573
41.8746
42.0223
42.1882
42.2131
42.2718
42.4501
42.4772
42.5146
42.5473
42.6054
42.8502
43.0227
43.0915
42.9725
42.8771
42.8769
43.0525
43.1953
43.3983
43.5956
43.6418
43.5658
43.4728
43.4152
43.5702
43.6124
43.4666
43.5944
43.9254
43.9572
43.9725
44.0856
44.045
43.8116
43.9044
44.2134
44.2301
44.1276
44.0181
43.9357
43.9136
43.8439
43.9576
44.2308
44.2768
44.2216
44.1297
44.1766
44.3511
44.2688
44.2864
44.3929
44.3414
44.3605
44.359
44.5246
44.3861
44.3661
44.4677
44.5329
44.31
44.138
44.0703
44.1133
44.492
44.5309
44.5248
44.4119
44.4345
44.1786
44.1965
44.2293
44.3075
44.3315
44.3017
44.413
44.4792
44.5621
44.3218
44.1708
44.0742
43.9895
43.9101
44.0832
43.92
44.0359
44.2793
44.3094
44.1911
43.9074
43.8929
43.8631
43.7208
43.8958
44.0917
44.0883
44.0848
43.9547
43.7774
43.6016
43.4636
43.4362
43.5593
43.6591
43.6155
43.5636
43.5624
43.5137
43.5504
43.4432
43.3335
43.3131
43.0606
42.9954
43.0696
43.0599
43.0042
43.0016
43.0432
42.7767
42.5425
42.5124
42.4938
42.5099
42.4077
42.4962
42.426
42.252
42.0796
41.9845
41.7225
41.6585
41.5228
41.503
41.4697
41.3524
41.2507
41.2216
41.0391
40.8777
40.6888
40.3482
40.2382
40.2042
40.0296
40.0323
39.7286
39.4303
39.2628
39.0286
38.8088
38.5779
38.2805
38.01
37.7017
37.222
36.5106
35.6747
34.6691
33.351
31.4601
28.8517
25.0619
19.3616
11.0481
0
