0
11.2736
19.4757
25.1211
29.027
31.6695
33.4261
34.7432
35.6216
36.2616
36.7779
37.1953
37.7055
38.2949
38.4786
38.7903
39.0121
39.335
39.5659
39.7831
39.7401
39.9997
40.2204
40.2976
40.4896
40.6516
40.9427
41.0387
41.1365
41.1516
41.2521
41.2504
41.4574
41.5806
41.7892
41.9374
42.0138
42.1362
42.1838
42.2019
42.3646
42.4068
42.3838
42.3156
42.3335
42.4793
42.6824
42.5918
42.7207
42.9583
43.0384
43.1112
43.0588
43.1969
43.1507
43.0432
42.9565
42.9783
43.092
43.0802
43.2569
43.4549
43.48
43.3798
43.4915
43.812
43.7584
43.4961
43.5548
43.8028
43.6882
43.794
43.904
43.9438
43.9922
44.1193
44.0833
43.9096
44.1662
44.2559
44.1169
44.0372
43.9943
43.9808
44.0008
44.0594
44.1652
44.4896
44.4608
44.2376
44.1517
44.1432
44.1486
44.0481
44.2185
44.1885
44.2762
44.1314
44.1751
44.2194
44.1548
44.1676
44.1509
44.0967
44.0573
44.1025
43.9158
44.0714
44.2017
44.1922
44.0465
44.0363
43.9119
43.8857
44.196
44.2221
44.1319
44.0004
44.0364
44.014
44.1492
44.1226
44.0971
44.0846
44.0761
43.9367
43.9629
44.0296
43.9132
43.9504
43.9984
43.7896
43.7191
43.708
43.9317
43.9607
43.9337
43.6603
43.6509
43.3732
43.3353
43.5114
43.5392
43.3698
43.2651
43.1876
43.158
43.0279
42.8805
42.8889
42.9934
42.9442
42.9584
43.1144
43.0853
42.9121
42.8148
42.7569
42.5877
42.5019
42.5535
42.6717
42.3794
42.2404
42.1027
41.8528
41.7093
41.6137
41.3964
41.2491
41.0087
40.9818
41.0659
40.9126
40.7491
40.4377
40.5351
40.561
40.3788
40.336
40.052
39.6764
39.2532
39.1285
38.8626
38.6451
38.4103
38.2356
37.8812
37.332
36.8024
36.2657
35.5653
34.7872
33.5661
31.7146
29.1888
25.3937
19.6879
11.3962
0
