0
11.337
19.6025
25.2429
28.9854
31.6189
33.3498
34.5891
35.5019
36.1221
36.8522
37.4696
37.8606
38.0787
38.437
38.8096
39.0401
39.2692
39.4845
39.8643
40.0862
40.0974
40.1353
40.2962
40.6529
40.8834
41.0491
41.2253
41.4603
41.4771
41.7111
41.7289
41.7387
41.7861
41.818
41.6823
41.8461
42.0251
42.3598
42.4901
42.4554
42.4292
42.4079
42.4139
42.6414
42.7996
42.8986
42.9416
42.8481
42.9604
43.0668
43.1728
43.0881
43.163
43.2022
43.4604
43.6557
43.3883
43.3292
43.5302
43.6276
43.5895
43.748
43.8707
43.9366
43.8939
43.8024
43.806
43.8444
43.8233
43.9241
44.0053
44.0209
44.1485
44.0411
43.9907
44.0511
44.216
44.3191
44.3418
44.3563
44.1948
44.2492
44.3713
44.3228
44.46
44.4234
44.3766
44.4392
44.4994
44.6824
44.5758
44.3737
44.2084
44.3347
44.3943
44.3626
44.4864
44.4813
44.4717
44.4914
44.4627
44.4078
44.4697
44.5513
44.5724
44.5696
44.6758
44.5425
44.5715
44.5571
44.5086
44.4889
44.4268
44.3647
44.3384
44.3292
44.4058
44.3888
44.4003
44.3034
44.2734
44.2515
44.2982
44.1102
44.0866
44.2421
44.3733
44.1716
44.0605
44.1479
43.8348
43.664
43.5444
43.4466
43.4791
43.5533
43.6393
43.5131
43.5175
43.5779
43.6055
43.5774
43.3884
43.3269
43.3244
43.3945
43.4125
43.2345
43.0779
42.9373
42.9495
42.938
42.9552
42.8916
42.8202
42.6417
42.5198
42.5536
42.4366
42.2551
42.0987
41.9497
41.9777
42.0107
42.1058
41.9109
41.9147
41.7942
41.5417
41.3724
41.2662
40.9767
40.8859
40.8359
40.8524
40.7988
40.5535
40.3556
40.1389
40.1033
39.8997
39.7005
39.3413
39.2148
38.778
38.5302
38.1851
37.8825
37.3155
36.8767
36.3556
35.6935
34.7065
33.5478
31.6963
28.9372
24.9025
19.179
11.0958
0
