0
11.1949
19.3407
25.078
28.8867
31.3796
33.1648
34.4105
35.4197
36.2853
36.9881
37.449
37.7221
38.153
38.554
38.8391
39.192
39.5517
39.6022
39.4689
39.8307
40.0104
40.0918
40.1151
40.332
40.4691
40.6444
40.8141
40.9353
40.8007
40.8678
41.027
41.2856
41.3228
41.2111
41.4467
41.6578
41.9338
41.9367
42.0833
42.0088
42.0256
42.1714
42.4262
42.6263
42.631
42.6476
42.6927
42.7043
42.7975
42.9304
42.6791
42.6112
42.7025
42.82
42.8864
42.9595
43.0448
43.0214
43.0426
43.2217
43.3056
43.5316
43.5327
43.4271
43.5826
43.6629
43.6668
43.6898
43.6301
43.6595
43.5325
43.484
43.5236
43.5173
43.8184
43.8601
44.0002
44.0139
44.0333
43.9033
43.9635
44.0343
44.0282
43.9158
43.9811
44.1861
44.2162
44.0937
44.0975
44.1363
44.1253
44.1162
44.0236
44.1525
44.1558
44.0706
44.1212
44.1361
43.9864
43.969
44.0179
44.1296
44.2485
44.3123
44.1581
44.2195
44.0998
44.0966
43.9276
43.9226
43.8852
43.7419
43.8932
44.0255
44.1761
44.1154
43.9827
43.8394
43.9088
43.9563
43.931
43.7062
43.8768
43.8296
43.7333
43.8635
44.0808
44.1157
43.9169
43.7029
43.7299
43.6756
43.7011
43.7432
43.6398
43.5835
43.3184
43.113
43.1806
43.2818
43.2932
43.1455
43.1338
43.2193
43.0452
42.9877
42.9658
42.869
42.8042
42.736
42.6437
42.5616
42.387
42.4582
42.6424
42.5295
42.3743
42.3281
42.3247
42.2205
42.1958
42.0281
41.9009
41.8428
41.7932
41.633
41.3945
41.3471
41.1817
40.9933
40.9893
41.0204
41.0254
40.6794
40.3716
40.2214
40.1424
40.156
39.8986
39.5817
39.3393
39.0822
39.0899
38.8604
38.5616
38.49
38.2879
37.8961
37.4616
37.0106
36.4002
35.7445
34.7918
33.4818
31.7033
29.2099
25.4044
19.6364
11.3556
0
