0
11.3073
19.6348
25.3438
29.2766
31.8027
33.6063
34.9149
35.7627
36.4987
37.1311
37.5283
37.8588
38.1268
38.2898
38.6513
38.9073
39.3636
39.5282
39.6568
39.9497
40.2403
40.4234
40.5949
40.6008
40.6185
40.6867
40.7825
40.9178
41.1372
41.3156
41.4944
41.4328
41.5527
41.8563
42.2188
42.2587
42.0615
41.9862
42.0631
42.2921
42.4608
42.419
42.6687
42.852
42.8417
42.8147
42.8079
42.9253
43.105
43.0248
42.9703
43.0346
43.0473
43.1613
43.4515
43.4205
43.3863
43.6207
43.7357
43.5618
43.4321
43.5967
43.6605
43.8387
43.7724
43.8241
43.8748
43.8411
43.9615
44.2087
44.0402
43.9676
44.0167
44.017
44.0154
44.0536
43.9635
43.988
44.1517
44.2551
44.3129
44.4051
44.3896
44.3323
44.2224
44.1782
44.1145
44.1106
44.1677
44.2125
44.1447
44.1637
44.3115
44.4056
44.4177
44.4591
44.3987
44.5656
44.585
44.5855
44.5057
44.45
44.4159
44.3991
44.2834
44.2738
44.3326
44.2199
44.1384
44.1988
44.1904
44.2599
44.0953
43.9342
44.0639
44.1406
44.1491
44.043
43.9984
44.1367
44.2291
44.2004
44.2868
44.1698
44.1269
44.0294
43.9695
43.9384
43.9103
44.1455
44.1067
43.8345
43.7206
43.7233
43.709
43.6941
43.6849
43.674
43.5689
43.6477
43.601
43.6009
43.4761
43.2974
43.1359
43.2646
43.4263
43.1757
43.1228
43.0284
42.907
42.7973
42.7669
42.7109
42.6443
42.5465
42.4594
42.4593
42.4212
42.3467
42.225
42.0497
41.9866
41.8877
41.8442
41.715
41.3403
41.2417
41.3123
41.1834
41.1056
41.0251
41.3287
41.2871
41.0066
40.797
40.6088
40.4807
40.4434
40.0937
39.935
39.5839
39.1365
38.9991
38.7561
38.4499
38.1929
37.9822
37.5493
37.1013
36.5806
35.7542
34.7224
33.401
31.57
28.8881
25.0684
19.4595
11.2804
0
