0
11.5602
19.8324
25.4445
29.3448
31.8944
33.7309
34.9144
35.9281
36.6335
37.2435
37.5857
37.9342
38.4027
38.7549
39.1205
39.3168
39.3951
39.6465
39.8219
40.0156
40.1467
40.3353
40.4776
40.6951
40.8376
40.9546
41.2064
41.4061
41.523
41.561
41.6689
41.7648
41.807
41.8904
42.081
42.0454
42.041
42.1882
42.3673
42.4721
42.4957
42.5334
42.6292
42.7097
42.8117
42.9548
43.0607
42.9425
43.0075
43.1587
43.1536
43.2495
43.5309
43.5989
43.6319
43.756
43.7794
43.694
43.683
43.5336
43.5799
43.6462
43.8116
43.8387
43.8919
44.013
43.9897
43.8814
43.9001
43.955
43.8964
43.753
43.8094
44.0227
44.3277
44.3527
44.2208
44.0064
44.0579
44.1446
44.262
44.3374
44.2456
44.2527
44.2592
44.4388
44.5615
44.5074
44.4112
44.5033
44.4811
44.4183
44.2259
44.1411
44.2304
44.1833
44.2615
44.2314
44.2198
44.2133
44.3455
44.3631
44.5128
44.4602
44.5692
44.6041
44.5469
44.3206
44.2503
44.4079
44.4668
44.3858
44.328
44.3148
44.2104
44.1142
44.2687
44.326
44.1311
44.022
44.0877
44.0014
43.9282
43.9478
44.0399
43.9843
43.9142
44.0371
43.9908
43.9504
43.9276
43.805
43.7599
43.745
43.7776
43.8243
43.8264
43.8154
43.6252
43.4803
43.4068
43.2542
43.393
43.5189
43.4834
43.3775
43.2964
43.2369
43.3881
43.3037
43.2119
43.0227
42.8918
42.8087
42.7378
42.7377
42.6889
42.6357
42.4569
42.101
42.0163
41.9317
41.9987
41.9026
41.8948
41.7125
41.6807
41.6926
41.6463
41.4471
41.3655
41.167
40.991
40.8937
40.754
40.6087
40.5797
40.3818
40.1162
39.9149
39.893
39.7059
39.3495
39.0375
39.0206
38.7089
38.3561
37.8561
37.5355
37.362
36.8163
35.9459
34.7822
33.4684
31.4681
28.7839
24.9273
19.3406
11.2864
0
