0
11.1605
19.2328
24.8043
28.7871
31.5491
33.4519
34.8323
35.7313
36.5056
37.0409
37.4766
37.8147
38.1863
38.5201
38.8243
39.179
39.5207
39.6221
39.6238
39.7451
39.9603
40.3363
40.2388
40.4177
40.6299
40.7875
40.9543
41.0387
41.1948
41.468
41.5297
41.61
41.7815
41.8735
42.1182
42.1577
42.1544
42.1402
42.1557
42.2554
42.4007
42.4906
42.7165
42.7524
42.8145
42.8096
42.9502
42.8656
42.7668
42.8814
42.8832
43.0499
43.0625
42.9962
43.0033
43.3152
43.4061
43.4142
43.3363
43.3737
43.4716
43.6522
43.8466
43.8652
43.8067
43.4961
43.6798
43.6029
43.5581
43.6226
43.6598
43.7195
43.8593
43.9201
43.9357
43.9569
43.9834
44.1114
44.3223
44.2504
44.18
44.2286
44.3614
44.3448
44.2015
44.2664
44.1801
44.2588
44.2053
44.2086
44.1769
44.2965
44.2109
44.226
44.205
44.2595
44.2034
44.1167
44.1597
44.1696
44.1289
44.1629
44.2943
44.3084
44.4128
44.1844
44.1446
44.144
44.0625
44.0903
44.1482
44.1666
44.189
44.1431
44.1892
44.1931
43.9595
43.6874
43.7443
43.6569
43.6631
43.9327
44.0358
44.0392
44.0135
43.8396
43.8189
43.8804
43.9682
44.0829
43.8643
43.6732
43.7018
43.6582
43.5188
43.4534
43.306
43.3936
43.4785
43.4693
43.3606
43.1575
43.1053
43.0388
43.1188
43.0412
42.9507
42.9161
42.8615
42.8903
42.8094
42.8385
42.7793
42.6092
42.514
42.5445
42.3295
42.3861
42.3552
42.4651
42.3145
42.0525
41.9461
41.6268
41.5326
41.4678
41.4333
41.3419
41.2134
41.2423
41.1155
40.8961
41.011
40.8931
40.6871
40.584
40.392
40.1482
39.9757
39.8439
39.661
39.4159
39.1498
38.9784
38.6911
38.3516
38.1128
37.7986
37.5291
37.0513
36.4108
35.6865
34.6511
33.4872
31.6788
28.9691
25.099
19.4992
11.2915
0
