0
11.3249
19.401
25.054
28.7842
31.325
33.2699
34.5552
35.5237
36.3162
36.9545
37.5076
38.1115
38.3982
38.6073
38.8372
38.9075
39.2086
39.4332
39.7121
40.0693
40.3236
40.5393
40.6858
40.6901
40.8014
41.0894
41.1094
41.2058
41.4389
41.5837
41.5936
41.6537
41.8347
41.9493
42.0637
42.0601
42.1177
42.2338
42.3563
42.2355
42.3158
42.3709
42.6635
42.6237
42.6862
42.8704
43.0207
43.0424
43.146
43.1533
43.1447
43.2297
43.277
43.2607
43.5088
43.7097
43.692
43.7142
43.7319
43.9003
43.9165
43.6586
43.6605
43.8221
43.9721
44.0689
43.9977
43.9781
44.0599
44.0199
43.9564
44.0006
44.0535
43.9978
43.9064
44.0712
44.1399
44.414
44.4524
44.3649
44.3644
44.4818
44.4962
44.3851
44.4227
44.52
44.4411
44.1609
44.1307
44.2676
44.3177
44.2269
44.3008
44.2689
44.301
44.406
44.3985
44.3873
44.3835
44.2394
44.2768
44.2704
44.2465
44.3268
44.6277
44.6571
44.6331
44.5598
44.538
44.3771
44.3719
44.2954
44.2944
44.3058
44.3153
44.4261
44.391
44.3429
44.2877
44.422
44.3757
44.2952
44.1357
43.9825
44.1263
43.8953
43.8791
43.9057
43.8645
43.8116
43.7741
43.8709
43.9893
44.0121
44.1437
44.0973
43.7228
43.6166
43.6702
43.5948
43.6006
43.5979
43.4122
43.2959
43.3024
43.3767
43.3826
43.1017
43.0305
42.8267
42.8324
42.8333
42.8286
42.8265
42.7499
42.6664
42.7245
42.6329
42.4705
42.3489
42.2404
42.1787
42.0422
42.0869
42.1023
41.7871
41.5563
41.3862
41.2829
41.2021
41.0154
41.0057
40.9981
40.8056
40.6944
40.4693
40.2932
40.0277
39.9191
39.6585
39.3685
39.2074
39.1176
38.9409
38.858
38.5719
38.2581
37.9839
37.5932
37.1523
36.2953
35.3963
34.457
33.1886
31.3488
28.573
24.765
19.2564
11.1837
0
