0
11.2012
19.3739
25.1881
29.1556
31.6616
33.3746
34.6442
35.6908
36.4398
37.0581
37.546
37.7238
38.1575
38.4153
38.8435
39.0776
39.2114
39.3818
39.5511
39.9295
40.2799
40.4079
40.5877
40.4855
40.5768
40.7339
40.9779
41.1116
41.2592
41.553
41.6803
41.7786
41.8364
41.9344
42.0148
42.0501
41.9297
41.8441
41.9228
42.078
42.2321
42.4114
42.4264
42.5036
42.7223
42.6265
42.8021
42.8645
42.9175
42.9595
43.1675
43.2895
43.2476
43.2398
43.244
43.3866
43.294
43.3313
43.532
43.6557
43.8585
44.0664
43.937
43.7896
43.7931
43.7833
43.8077
43.7517
43.7733
43.8417
43.8889
44.0445
44.1452
44.3819
44.083
43.9093
43.7743
44.0506
44.0552
43.9813
43.9074
44.0427
44.2183
44.2501
44.1077
44.1809
44.0792
44.1449
44.3773
44.5395
44.3912
44.2916
44.354
44.3491
44.1537
44.1824
44.2541
44.2957
44.3627
44.3499
44.449
44.4611
44.5245
44.4711
44.5734
44.4275
44.4177
44.2841
44.2881
44.2758
44.2303
44.384
44.4294
44.3438
44.3533
44.3118
44.2499
44.1811
44.0719
44.0391
44.1673
44.2246
44.2665
44.2067
44.1613
44.2837
44.1421
44.0251
44.0125
44.0041
43.9489
43.7889
43.7276
43.7203
43.7154
43.6684
43.5789
43.5535
43.5881
43.6622
43.5352
43.494
43.4766
43.3963
43.4905
43.2822
43.1184
43.0477
43.0866
42.8995
42.759
42.9486
43.0477
43.0822
42.9896
42.9
42.7521
42.5805
42.4094
42.1447
41.9476
42.0014
42.1638
42.0185
41.9692
41.8531
41.8625
41.6681
41.5602
41.3567
41.2514
41.1651
40.9694
40.7915
40.7225
40.666
40.458
40.3
40.1021
40.1137
39.941
39.5781
39.3086
38.9835
38.7276
38.6154
38.2691
37.8444
37.3924
37.0019
36.4105
35.7098
34.8079
33.2995
31.552
29.0239
25.137
19.4503
11.31
0
