0
12.4851
18.9269
21.8935
23.1648
23.7078
23.7706
24.0369
24.0469
24.094
24.2094
24.1218
23.9871
23.7676
23.7663
23.9504
23.8896
23.9675
24.1727
24.131
24.194
24.2194
24.1452
24.1066
24.0361
24.0339
24.1453
24.1589
24.1212
24.0265
24.0729
24.2126
24.0791
24.0107
24.0443
24.0846
24.0531
24.0935
24.1367
24.1961
24.1238
24.0651
24.0196
23.9941
23.8619
23.9179
23.9098
23.8364
23.9349
23.9358
23.7805
23.7383
23.9489
24.0969
24.0567
23.913
24.1517
24.1748
24.2802
24.2583
24.172
24.1633
23.9936
23.8675
23.8107
23.8694
24.0505
24.0905
24.1422
24.0251
24.0254
24.1107
24.1057
24.2886
24.3208
24.3472
24.1648
23.9418
23.9412
24.1094
24.2055
24.1161
24.2286
24.0795
24.0706
24.0705
24.1014
23.9838
24.0405
24.2525
24.3108
24.3332
24.3367
24.257
24.1057
24.2055
24.2718
24.2982
24.3525
24.3061
24.2571
23.9789
23.7853
23.7414
23.7717
23.8183
23.96
23.7602
23.7534
23.6944
23.7569
23.8976
24.0275
24.1951
24.113
24.0263
24.237
24.4306
24.5764
24.5684
24.5134
24.6269
24.6274
24.4569
24.1073
23.9723
23.7446
23.7502
23.6503
23.7264
23.9125
24.0039
24.1121
24.0307
23.8041
23.7031
23.88
24.0328
24.1017
24.0703
24.3205
24.2488
24.1445
24.1274
23.9739
24.0125
23.9768
24.0067
24.0751
24.2037
24.2607
24.1745
24.1593
24.1428
24.1862
24.0398
23.9482
24.01
23.9792
23.8204
23.8726
23.8639
23.9225
23.9738
24.1034
24.1091
24.0306
23.9565
24.1128
24.2486
24.3296
24.1729
23.8879
23.6823
23.6649
23.7667
23.9543
24.1559
24.2212
24.2618
24.0439
24.052
24.1915
24.2266
24.1788
24.2174
24.3198
24.3067
24.2456
24.17
24.1935
24.0937
24.0004
23.9724
23.7298
23.4973
23.0046
21.8061
19.0182
12.5925
0
