0
11.3072
19.2514
24.7051
28.3666
30.9266
32.6835
33.9369
34.9096
35.5401
36.0737
36.588
37.0184
37.2851
37.5571
37.7171
37.8369
38.1479
38.4488
38.7588
38.7756
38.9855
39.0406
39.2206
39.1186
39.2539
39.6168
39.9377
40.131
40.1958
40.1521
40.2732
40.3656
40.47
40.5544
40.696
40.7393
40.8453
40.7886
40.8918
40.9839
41.1959
41.3386
41.4242
41.4189
41.4446
41.5308
41.4891
41.5622
41.6526
41.9377
41.9261
42.0713
42.0206
42.1268
42.0036
41.973
42.0096
42.0289
42.0256
42.1208
42.0982
42.0622
42.2279
42.3809
42.4683
42.4897
42.6824
42.7361
42.6728
42.5852
42.6828
42.6827
42.7804
42.9439
42.8465
42.8669
42.7629
42.5329
42.5481
42.6691
42.5552
42.637
42.7044
42.7317
42.7891
42.8057
43.0164
43.0405
43.0201
43.0192
42.9648
43.0723
43.1201
43.1271
43.0922
42.8314
42.7363
42.6639
42.8365
42.941
42.9312
43.1159
43.2264
43.234
43.364
43.1223
42.9363
42.9501
43.0132
42.9322
42.7583
42.8765
42.9055
42.9014
42.8484
42.8335
42.754
42.7572
42.7073
42.6641
42.7755
42.8046
42.6348
42.6432
42.5658
42.5886
42.6293
42.5666
42.5068
42.3681
42.3428
42.3142
42.4151
42.4099
42.4072
42.4038
42.4821
42.3231
42.2273
42.0689
42.245
42.284
42.2299
41.9123
41.6671
41.5607
41.6021
41.5058
41.4905
41.5893
41.5316
41.4316
41.331
41.2073
41.1873
41.2075
41.2604
41.1519
41.2292
41.051
40.9229
40.7893
40.6577
40.4994
40.3294
40.4661
40.4855
40.37
40.425
40.3784
40.0729
39.8672
39.5466
39.6429
39.571
39.2698
39.0319
38.9125
38.7768
38.5108
38.2875
38.2572
37.9858
37.71
37.5991
37.391
37.1026
36.698
36.3762
35.9391
35.4516
34.7852
33.8677
32.9562
31.1513
28.4789
24.6502
18.9913
11.031
0
