0
11.4331
19.5979
25.3352
28.982
31.5234
33.4204
34.766
35.6716
36.4425
36.9552
37.4881
37.9631
38.1938
38.3754
38.6552
39.0056
39.3273
39.3522
39.5625
40.0081
40.2814
40.5288
40.6428
40.8164
40.8142
40.8528
40.9862
41.1192
41.1188
41.2228
41.4244
41.7701
41.8276
41.9455
42.0291
41.9213
41.9204
42.127
42.1014
42.0465
42.2108
42.5211
42.5495
42.7882
42.8987
42.8677
42.7609
42.8499
43.1306
43.1932
43.2167
43.087
43.0194
43.1389
43.1164
43.3268
43.4511
43.6448
43.7552
43.8796
43.8455
43.7135
43.5296
43.7
43.676
43.7495
43.9218
43.9394
44.074
44.0384
44.0644
44.1267
44.2398
44.2846
44.2062
44.0254
44.0715
44.3851
44.3111
44.139
44.1319
44.2766
44.2151
44.2917
44.323
44.2433
44.1006
44.1367
44.2236
44.1774
44.1063
44.0567
44.1355
44.3672
44.4788
44.3014
44.1712
44.1825
44.1946
44.0427
44.099
44.06
44.0678
44.2754
44.3765
44.4417
44.5335
44.4938
44.3493
44.3921
44.4772
44.2559
44.3386
44.3993
44.4001
44.3803
44.3848
44.241
44.1419
44.1027
44.1222
43.9967
44.0027
44.0719
44.0283
44.0434
44.082
43.8316
43.8762
43.9763
44.0386
44.0461
43.9172
43.6452
43.654
43.9013
43.8302
43.8372
43.8375
43.7286
43.6902
43.6
43.631
43.691
43.559
43.5072
43.4159
43.2361
43.1767
43.1761
43.1239
43.1218
43.06
42.8219
42.7461
42.6694
42.5407
42.3468
42.4312
42.3887
42.2467
42.2
41.9695
41.927
41.8773
41.5819
41.3638
41.5339
41.4699
41.2814
41.1378
41.1654
41.0343
40.9604
40.9087
40.7527
40.6011
40.4098
40.1051
39.9945
39.8799
39.6463
39.4341
39.1409
38.9043
38.6164
38.3545
38.0647
37.7926
37.1915
36.4235
35.6787
34.683
33.3834
31.6621
28.8066
24.7606
19.0986
11.0887
0
