0
11.1769
19.3233
24.827
28.5404
31.096
32.9806
34.342
35.4851
36.4192
37.0978
37.6327
38.0073
38.2883
38.5398
38.8033
38.9526
39.2711
39.4123
39.5874
39.8941
40.3206
40.4847
40.469
40.3792
40.6291
40.7569
40.8336
41.1837
41.4009
41.4573
41.5644
41.7031
41.7274
41.8147
41.9481
41.7291
41.7399
41.8595
42.0459
42.3066
42.3506
42.4842
42.5792
42.5995
42.6222
42.6468
42.6291
42.9427
43.0786
43.0123
43.1548
43.2772
43.4653
43.4133
43.2536
43.1758
43.2111
43.3349
43.4372
43.4979
43.5874
43.6494
43.6511
43.5343
43.4516
43.5663
43.6409
43.5642
43.6525
43.857
43.895
43.9162
44.0526
44.0556
44.0766
44.1232
44.0296
44.0656
44.1873
44.2814
44.0383
43.9755
44.0372
44.0527
44.1354
44.2371
44.3054
44.2815
44.2726
44.2852
44.4897
44.3846
44.491
44.3606
44.4264
44.4388
44.386
44.494
44.4978
44.4612
44.4852
44.2776
44.0479
44.0345
44.1765
44.3265
44.4407
44.5428
44.4385
44.3202
44.1831
44.2042
44.2536
44.3234
44.4029
44.1453
44.144
44.0718
43.9624
43.8791
44.0431
44.1715
44.292
44.0755
44.0218
44.0087
43.9486
44.1965
44.2081
44.0663
44.0513
43.7945
43.7989
43.8289
43.8402
43.7687
43.7872
43.4787
43.3999
43.3712
43.4325
43.5133
43.4184
43.1656
43.0826
43.1747
43.1593
43.0068
43.106
43.0288
42.7766
42.8253
42.818
42.8011
42.6601
42.4399
42.4056
42.4979
42.7587
42.6694
42.3297
42.2132
41.9695
41.9582
41.7851
41.6754
41.7151
41.7219
41.5445
41.4379
41.2316
41.0293
40.9438
40.9619
40.808
40.5099
40.3463
40.2546
40.2316
40.0249
39.702
39.6178
39.2794
38.9296
38.6373
38.4504
38.1403
37.7891
37.3153
36.8477
36.3446
35.6488
34.5784
33.3249
31.6855
28.9816
25.0609
19.4587
11.2863
0
