0
11.5231
19.6225
25.1358
29.0363
31.6486
33.5438
34.8216
35.6505
36.2832
36.7743
37.15
37.543
38.0012
38.4634
38.6159
38.7007
38.8429
39.2052
39.4522
39.6109
39.7074
40.0234
40.202
40.233
40.4106
40.6111
40.6746
40.8153
41.1317
41.2995
41.3158
41.353
41.3224
41.3025
41.511
41.7913
41.8221
41.726
41.6745
41.8621
42.0479
42.1488
42.1944
42.2816
42.2164
42.3253
42.2846
42.394
42.6054
42.7038
42.8314
42.74
42.8713
43.1843
43.1476
43.0851
42.9706
42.9498
42.9086
42.8928
42.9096
42.9494
43.1046
43.2378
43.1859
43.2078
43.1975
43.1198
43.3162
43.4479
43.5217
43.6359
43.6594
43.6233
43.406
43.4322
43.5656
43.5217
43.5619
43.6508
43.5116
43.6063
43.6465
43.8285
43.7764
43.6884
43.8019
43.8185
43.8352
43.7502
43.9294
43.9056
43.7873
43.7182
43.6465
43.8237
43.7758
43.78
44.066
44.0601
44.0301
43.9795
43.8717
43.9545
44.0758
43.9817
43.9707
43.8248
43.7592
43.7952
43.6278
43.5968
43.5739
43.6709
43.6921
43.759
43.743
43.6473
43.5752
43.6815
43.6498
43.6556
43.7005
43.6236
43.7419
43.6803
43.532
43.5435
43.5395
43.4078
43.3366
43.3757
43.3471
43.3855
43.5461
43.349
43.1968
42.9467
42.9932
42.9728
42.9266
42.8935
42.848
42.925
42.9072
42.9169
42.7868
42.7503
42.6941
42.8033
42.6826
42.6668
42.7588
42.5675
42.4294
42.117
42.1007
42.0177
42.0569
41.8943
41.6649
41.7179
41.8092
41.9648
41.8805
41.6539
41.497
41.1793
40.9174
40.7622
40.8349
40.7918
40.654
40.4897
40.3935
40.3664
40.0967
39.8859
39.5674
39.4435
39.1544
38.9083
38.8553
38.7375
38.6428
38.3083
38.0787
37.6285
37.14
36.8355
36.3565
35.5195
34.4606
33.1488
31.4753
28.9964
25.3861
19.7947
11.4401
0
