0
10.9407
18.8328
24.2861
27.9738
30.4229
32.1215
33.36
34.4227
35.1668
35.5037
35.8223
36.1802
36.6191
36.9198
37.2989
37.5442
37.864
37.9776
38.1031
38.4152
38.7055
38.8926
39.118
39.078
39.1275
39.1775
39.2763
39.3369
39.3168
39.6171
39.9473
40.0675
40.2695
40.5124
40.5958
40.5804
40.6348
40.7792
40.9824
41.0096
41.2446
41.2483
41.3391
41.4619
41.5991
41.6076
41.5466
41.7309
41.9746
41.9707
41.9642
42.0396
42.1313
42.0853
42.1942
42.2969
42.4154
42.3935
42.54
42.5587
42.6036
42.6536
42.7269
42.7898
42.9062
42.834
42.7045
42.704
42.9246
43.0389
43.0983
43.1147
42.971
43.1327
43.3048
43.4093
43.3349
43.2002
43.1822
43.2736
43.3543
43.4077
43.4643
43.45
43.5197
43.5407
43.6357
43.6428
43.446
43.7205
43.6698
43.5643
43.57
43.6544
43.7591
43.6134
43.5034
43.6977
43.6412
43.4957
43.5539
43.7161
43.6212
43.5371
43.6195
43.6116
43.6759
43.7036
43.7204
43.6817
43.4306
43.423
43.5263
43.5954
43.5085
43.4443
43.3633
43.378
43.2322
43.1421
43.0382
43.1031
43.0684
42.9484
43.025
43.0722
43.1733
43.1219
42.8943
42.8578
42.6878
42.7724
42.8905
42.9366
42.6778
42.6209
42.7619
42.6338
42.3638
42.3876
42.3306
42.3526
42.3718
42.5162
42.439
42.2413
42.096
41.9059
41.5406
41.6161
41.556
41.4729
41.3441
41.4121
41.2657
41.028
40.906
40.915
41.0133
40.8376
40.5319
40.5782
40.6802
40.6157
40.6653
40.5629
40.5325
40.2585
39.9504
39.815
39.7107
39.4402
39.3504
39.2002
39.1002
38.9642
38.9129
38.7226
38.3672
38.1074
37.9305
37.7506
37.6112
37.3069
37.2234
37.006
36.6666
36.2651
35.8468
35.4231
35.1451
34.575
33.6619
32.4823
30.6771
28.1453
24.3499
18.8259
10.91
0
