0
11.2261
19.2565
25.0115
29.0065
31.6553
33.564
34.7669
35.768
36.4095
36.9171
37.5551
37.9264
38.4472
38.7321
39.0277
39.1622
39.487
39.686
39.8819
40.0572
40.1522
40.1675
40.3442
40.4823
40.584
40.6957
40.8212
41.1303
41.205
41.2752
41.4319
41.4773
41.677
41.6671
41.9078
42.0501
42.0694
42.2221
42.3257
42.3602
42.3951
42.2384
42.2455
42.2921
42.5168
42.8893
42.9515
42.9595
42.9491
42.9107
43.0422
43.2788
43.4528
43.4529
43.6047
43.8701
43.9491
43.748
43.724
43.7572
43.8114
43.7488
43.8325
43.662
43.6171
43.6904
43.8887
44.0397
44.0773
44.0508
44.1109
44.1426
44.1535
44.0561
44.1231
44.1363
43.9863
44.0753
44.2993
44.3132
44.37
44.3609
44.4397
44.3131
44.3457
44.4963
44.5446
44.3834
44.4704
44.6192
44.541
44.396
44.3226
44.427
44.4817
44.39
44.5395
44.5326
44.3837
44.3926
44.3271
44.2223
44.2986
44.3591
44.1801
44.1786
44.1783
44.3995
44.3956
44.5451
44.5339
44.4448
44.444
44.4382
44.327
44.4342
44.3775
44.2978
44.336
44.431
44.3061
44.3095
44.1917
44.0179
43.944
44.029
44.16
44.1772
44.1416
44.1186
44.1104
43.9024
43.8026
43.6269
43.7056
43.5732
43.5121
43.5134
43.6511
43.6118
43.6139
43.5482
43.5048
43.3759
43.2788
43.0886
43.0688
43.1379
42.9057
42.8648
42.8246
42.7525
42.6744
42.7051
42.6621
42.7822
42.6745
42.6897
42.5508
42.3345
42.1214
42.0748
41.9076
41.8353
41.7984
41.7611
41.6541
41.5255
41.4626
41.3514
41.3841
41.2939
41.1837
40.9768
40.7949
40.6574
40.5328
40.3418
40.2502
40.0867
39.8596
39.7161
39.622
39.3568
39.1476
38.7652
38.3734
37.7949
37.3314
36.8121
36.3682
35.8159
34.8767
33.5502
31.6603
28.972
25.236
19.61
11.455
0
