0
11.3815
19.5808
25.0533
28.88
31.4669
33.2818
34.6451
35.6278
36.3704
36.9702
37.5323
37.8919
38.2057
38.359
38.6256
38.9042
39.2752
39.5124
39.8392
39.9078
40.0532
40.1672
40.148
40.461
40.6149
40.7234
40.8801
40.9609
41.0753
41.247
41.4516
41.4093
41.4708
41.5093
41.6783
41.8716
42.1156
42.2764
42.3674
42.4396
42.393
42.4088
42.5667
42.5273
42.4442
42.5094
42.6654
42.6708
42.7226
42.7122
42.7432
42.8636
42.9357
42.8941
42.9689
43.0387
43.2325
43.1835
43.2324
43.2525
43.3955
43.4861
43.4791
43.5733
43.6954
43.7267
43.7664
43.8313
43.816
43.8377
43.7909
43.7623
43.8332
43.9304
43.9553
44.0157
44.0894
43.9287
43.9923
44.0462
44.1013
44.1329
44.0943
44.0361
44.1979
44.0543
44.24
44.1807
44.308
44.2711
44.2696
44.3584
44.3513
44.3251
44.3243
44.3129
44.1051
44.0564
44.1258
44.2076
44.2898
44.2837
44.1716
43.9859
44.004
44.196
44.1999
44.2174
44.2572
44.2521
44.4554
44.5048
44.4416
44.2274
43.9988
43.898
43.8396
43.779
44.0648
44.1852
44.1858
44.0702
44.1123
43.9983
43.9284
43.9944
43.7969
43.8484
43.8464
43.808
43.6951
43.6149
43.5673
43.5968
43.5026
43.5117
43.5304
43.363
43.0931
43.1377
43.1617
43.1268
43.1127
43.0285
43.3023
43.3511
43.395
43.1699
42.9835
42.7915
42.8328
42.9266
42.8174
42.5966
42.5671
42.6697
42.6962
42.6012
42.4208
42.2318
42.2393
42.2534
42.2951
42.0512
41.8997
41.9015
41.7559
41.4693
41.4308
41.3475
41.157
41.1699
40.9102
40.6014
40.3958
40.3073
40.1355
39.9224
39.9516
39.9138
39.8898
39.6507
39.3075
38.9028
38.6727
38.527
38.2078
37.8682
37.3006
36.8018
36.309
35.7007
34.9737
33.6592
31.8282
29.2228
25.3153
19.7629
11.5726
0
