0
11.283
19.6209
25.3373
29.1521
31.802
33.5926
35.1563
36.1248
36.6748
37.1491
37.7287
37.9702
38.2542
38.6408
38.9534
39.3186
39.5651
39.8782
39.8427
39.8512
40.174
40.3967
40.6016
40.7786
40.7581
40.819
41.0325
41.1136
41.31
41.6106
41.7296
41.6724
41.6976
41.9869
42.1696
42.1401
42.1102
42.2478
42.1978
42.3132
42.4703
42.5568
42.7064
42.7568
42.7818
43.0311
42.9959
43.0105
43.0509
43.1729
43.0934
43.1068
43.1762
43.1997
43.4544
43.5259
43.4955
43.4614
43.6296
43.755
43.8846
43.8784
43.8615
43.8814
43.9138
43.8347
43.8098
44.0907
44.1558
44.2717
44.2364
44.2419
44.0804
44.1065
44.1839
44.1783
44.1859
44.2892
44.3609
44.3073
44.1513
44.1327
44.1804
44.2323
44.3715
44.4293
44.3678
44.3414
44.4623
44.4328
44.3947
44.272
44.2809
44.259
44.4099
44.412
44.4336
44.3883
44.3421
44.1475
44.1137
44.1067
44.2485
44.2977
44.3239
44.3955
44.4515
44.5962
44.7744
44.5651
44.5328
44.5007
44.2318
44.2696
44.2576
44.102
44.185
44.2456
44.1621
44.3073
44.3792
44.3732
44.2714
44.1499
44.017
44.1561
44.1196
43.9678
43.9487
43.7675
43.8158
43.7711
43.7847
43.8671
43.8693
43.7471
43.6657
43.5221
43.5542
43.4757
43.6191
43.645
43.6574
43.5895
43.6654
43.5634
43.2611
43.1424
43.1213
43.176
43.029
42.922
43.0017
43.0645
42.9844
42.9066
42.8397
42.6666
42.5996
42.5365
42.4756
42.481
42.1799
42.0051
41.9412
41.7119
41.5969
41.6686
41.6061
41.6284
41.5347
41.4796
41.6713
41.2375
40.9256
40.7373
40.415
40.2321
40.2628
40.1467
39.9859
39.6148
39.3267
39.1484
38.892
38.4314
38.0315
37.788
37.5015
37.1233
36.432
35.5274
34.4508
33.1441
31.3455
28.7907
24.9624
19.4353
11.2849
0
