0
11.1161
19.2684
24.9298
28.7738
31.4425
33.2846
34.5372
35.4651
36.2032
36.8216
37.3304
37.7603
37.9247
38.2808
38.6451
38.9748
39.1066
39.286
39.7295
40.0786
40.2184
40.4006
40.6089
40.8579
40.7629
40.7319
40.8431
41.0025
41.1702
41.1953
41.4493
41.6508
41.5744
41.6373
41.7904
41.8135
41.9966
42.0705
42.0159
42.1537
42.4012
42.5871
42.5645
42.6076
42.7814
42.9099
42.8768
42.9458
43.0505
42.9996
42.9178
43.0413
43.2576
43.2963
43.4287
43.489
43.3528
43.3281
43.3525
43.4341
43.4589
43.4315
43.5609
43.7528
43.6732
43.6598
43.724
43.7946
43.8689
43.774
43.7518
43.7749
43.8954
44.0129
43.9618
44.0828
44.0492
44.0068
43.9242
44.0551
44.1646
44.1184
44.1482
44.2334
44.2353
44.1377
44.1847
44.227
43.9292
44.0238
43.9814
44.039
44.1024
44.0948
44.1216
44.1265
44.2329
44.1986
44.1157
44.1202
44.2814
44.16
44.077
44.1397
44.3099
44.3369
44.4254
44.5513
44.3895
44.2377
44.1736
44.1111
43.9585
44.0971
44.1843
44.2228
44.1428
44.0649
44.01
44.0269
43.9436
43.8562
43.9233
43.8353
43.8385
43.9583
43.9838
43.735
43.531
43.4585
43.4061
43.3547
43.5136
43.4983
43.3139
43.4395
43.4537
43.4645
43.4529
43.424
43.2023
43.1515
43.152
43.2259
43.2479
43.1571
42.9677
43.016
43.0434
43.0519
43.0175
42.8644
42.7076
42.69
42.6499
42.5069
42.3869
42.4597
42.437
42.5657
42.333
42.097
41.8422
41.7529
41.7804
41.804
41.6186
41.5647
41.4489
41.3475
41.1529
41.0405
41.0357
40.9099
40.7264
40.5686
40.3537
40.2737
40.0881
39.9396
39.7042
39.5415
39.3904
39.2088
38.9409
38.6613
38.3878
37.9129
37.47
36.991
36.5315
35.7443
34.6563
33.2626
31.5179
28.8832
25.058
19.3192
11.1935
0
