0
11.5036
19.663
25.2712
29.0911
31.8535
33.7636
35.1347
36.0555
36.8386
37.3142
37.6569
37.9888
38.3549
38.6247
38.8185
38.8923
39.1084
39.4216
39.6958
39.9074
40.1397
40.3621
40.5678
40.6217
40.7341
40.7348
40.7539
40.7754
40.8669
41.2111
41.4164
41.5641
41.6443
41.6289
41.8142
41.9766
42.0901
42.2169
42.2968
42.4525
42.3926
42.2851
42.5195
42.7629
42.8238
42.8515
42.8814
42.9785
43.1482
43.3142
43.1816
43.1648
43.1523
43.4095
43.5762
43.5045
43.4358
43.3896
43.4423
43.3474
43.2619
43.391
43.6
43.7162
43.7608
43.8234
43.9546
44.0322
43.8998
43.9383
44.0107
44.0945
44.131
44.0507
44.0571
44.0118
43.94
44.0446
44.0494
44.012
43.947
44.156
44.0139
44.021
44.148
44.1993
44.2487
44.3415
44.3165
44.2316
44.2242
44.3201
44.4836
44.4147
44.4396
44.2583
44.1028
44.0222
44.1751
44.3117
44.3144
44.411
44.2952
44.1505
44.3216
44.3696
44.3714
44.3929
44.4327
44.3549
44.1235
43.9771
43.9341
44.0533
44.1641
44.2112
44.2244
44.0417
43.8952
43.8625
43.9678
44.1413
44.0959
44.3195
44.3135
44.1466
44.0704
43.8523
43.7735
43.8135
43.8507
43.8221
43.7258
43.7213
43.7148
43.4976
43.3989
43.5174
43.8199
43.9213
43.7358
43.8468
43.525
43.3978
43.3856
43.3313
43.1025
43.0126
43.1263
43.1113
43.0202
42.8943
42.7896
42.6131
42.5088
42.4218
42.4047
42.3563
42.2013
42.0575
42.0822
42.1531
41.9718
41.8958
41.8043
41.987
41.9531
41.8393
41.7629
41.5229
41.3493
41.3988
40.9632
40.7251
40.6648
40.53
40.4874
40.5529
40.4534
40.3579
40.0391
39.7535
39.5126
39.0693
38.7032
38.4694
38.1078
37.6538
37.4007
36.9103
36.3713
35.6714
34.6117
33.2433
31.4869
28.9275
25.0075
19.301
11.2484
0
