0
11.3274
19.4642
25.1408
29.113
31.6029
33.3612
34.7023
35.729
36.4745
37.1179
37.5825
37.9761
38.2969
38.5524
38.8284
39.1361
39.3087
39.4122
39.6244
39.8032
39.9407
40.2258
40.5018
40.6467
40.7947
40.8931
41.0515
41.2308
41.3152
41.3597
41.3835
41.4312
41.4605
41.5682
41.8623
42.0719
42.0179
42.0269
42.1797
42.2642
42.4453
42.4516
42.6115
42.723
42.8696
42.9312
42.9417
42.8045
42.7952
42.9061
42.9801
43.144
43.319
43.4142
43.4826
43.6971
43.7723
43.6917
43.6135
43.6583
43.7357
43.8587
43.9068
43.7542
43.6384
43.643
43.7013
43.7507
43.7329
43.9666
44.1285
44.08
44.1383
44.3162
44.2747
44.1355
44.0743
44.0685
44.1518
44.1766
44.1999
44.1788
44.2243
44.1483
44.0677
44.087
44.2373
44.27
44.2686
44.2862
44.393
44.4669
44.4358
44.2955
44.2078
44.134
44.1716
44.2671
44.2983
44.3887
44.4396
44.5106
44.6119
44.5984
44.5829
44.7486
44.6836
44.4257
44.3863
44.3797
44.4033
44.2479
44.2163
44.232
44.1973
44.2096
44.2752
44.2954
44.318
44.2737
44.3092
44.5423
44.4563
44.3546
44.2831
43.8779
43.8904
43.9294
43.8863
43.9346
43.9026
43.6734
43.6879
43.6507
43.6644
43.6557
43.4698
43.4111
43.3728
43.295
43.2413
43.2427
43.3974
43.3528
43.3803
43.4711
43.4619
43.2959
43.1516
42.9814
42.8842
42.8214
42.6758
42.7655
42.5242
42.2617
42.3323
42.4675
42.3391
42.2548
42.0585
42.054
41.9937
41.9513
42.0469
42.0102
41.9101
41.6965
41.6606
41.4433
41.1972
41.2974
41.2541
41.0347
40.8145
40.7138
40.4583
40.0397
39.8091
39.7745
39.6853
39.4268
39.2396
39.0988
38.7957
38.6194
38.4561
38.0755
37.6373
37.0316
36.515
35.6968
34.7223
33.5112
31.7023
29.0547
25.1992
19.5594
11.4191
0
