0
11.2965
19.4496
25.1309
29.0099
31.4113
33.3516
34.7312
35.7465
36.5507
37.1645
37.4603
37.84
38.2044
38.4043
38.7558
38.9775
39.3657
39.5749
39.8497
39.9484
40.083
40.3127
40.4362
40.3863
40.5764
40.7884
40.9207
41.1099
41.1423
41.1997
41.352
41.5574
41.9393
41.9915
42.0087
42.1001
42.2112
42.2264
42.2853
42.2555
42.2564
42.3896
42.5939
42.805
42.8562
42.8743
42.8066
42.8313
42.9178
43.0742
42.9797
43.2383
43.3292
43.419
43.3876
43.4658
43.6182
43.564
43.6972
43.7243
43.6502
43.8026
43.8032
43.8209
43.8168
43.6426
43.7458
43.7942
43.8701
43.8911
43.9682
43.9978
43.7878
43.8138
43.8212
43.8328
43.8022
43.9664
43.9158
43.9836
43.95
44.1334
44.1367
44.1843
44.3351
44.3291
44.3293
44.4787
44.4398
44.3424
44.3501
44.457
44.3034
44.3824
44.5146
44.4891
44.47
44.4552
44.4198
44.3731
44.2256
44.1954
44.272
44.2321
44.2638
44.2948
44.2833
44.299
44.3399
44.3203
44.3849
44.2188
44.096
44.2059
44.3728
44.3268
44.3107
44.143
44.0538
44.1986
43.9816
43.8225
43.8552
43.9616
44.1022
44.1995
43.9268
43.7499
43.8402
43.8005
43.8614
43.7851
43.7616
43.8051
43.7204
43.7875
43.7985
43.6927
43.6489
43.6926
43.5489
43.434
43.4158
43.3005
43.1058
43.0462
43.0497
43.1459
43.2037
43.2579
43.3233
43.3583
43.3035
43.197
43.0338
42.8178
42.7677
42.6791
42.5796
42.4615
42.2781
42.2177
41.812
41.4909
41.3791
41.4324
41.6046
41.611
41.5252
41.2762
41.2459
41.2193
41.0999
40.8379
40.7826
40.6399
40.3913
40.2067
40.0646
39.9056
39.6236
39.5073
39.3789
39.1293
38.7395
38.4816
38.1326
37.8348
37.4163
37.0045
36.6455
36.0529
35.1863
33.9019
31.944
29.1719
25.3307
19.5321
11.2972
0
