0
11.3543
19.566
25.0805
28.9604
31.5078
33.3629
34.5751
35.5632
36.3772
36.8885
37.3154
37.7695
38.2099
38.5962
38.9055
39.1215
39.3047
39.3123
39.5628
39.7657
39.8725
40.1381
40.4892
40.5923
40.6454
40.8691
41.0909
41.0244
41.0722
41.3428
41.4421
41.3801
41.4766
41.6951
41.8513
41.9501
42.0873
42.1727
42.232
42.319
42.3888
42.6104
42.6887
42.7876
42.7761
42.7396
42.6951
42.6798
42.8173
43.0829
43.2634
43.1863
43.0664
43.0877
43.2878
43.2611
43.2825
43.2835
43.3235
43.4013
43.4209
43.5841
43.8201
43.8417
43.8121
43.8669
43.9023
43.7786
43.6801
43.6501
43.5785
43.5184
43.7267
43.8191
43.8298
43.8488
43.856
44.0059
43.9555
43.8996
43.9079
44.057
44.1431
44.2709
44.2743
44.2656
44.2795
44.3768
44.4119
44.2791
44.1899
44.2214
44.3479
44.3673
44.4011
44.2981
44.2262
44.2928
44.2744
44.2462
44.2226
44.1624
44.1966
44.2243
44.1518
44.2427
44.1944
44.0226
44.1613
44.164
44.0851
44.0728
44.2331
44.2094
44.2111
44.0388
44.0059
44.1488
44.1747
44.222
44.2023
43.9683
44.0342
43.9809
43.9297
44.046
44.0237
43.9119
43.8795
43.7802
43.8907
43.8213
43.769
43.7143
43.7278
43.6984
43.5914
43.4567
43.4917
43.5365
43.5428
43.2834
43.3543
43.3517
43.4028
43.5096
43.5549
43.4591
43.3006
43.2358
42.9496
42.7674
42.962
43.0036
42.96
42.7807
42.6361
42.5779
42.5072
42.3932
42.4064
42.1255
41.9974
42.0072
41.9484
41.9293
41.8525
41.5355
41.3766
41.3048
41.1979
41.0744
40.8559
40.7072
40.603
40.5322
40.352
40.1563
39.9548
39.723
39.5229
39.3981
39.1011
38.7682
38.492
38.2926
38.0542
37.8391
37.3799
36.8481
36.2911
35.6636
34.8763
33.6304
31.7641
29.1191
25.2633
19.5592
11.2843
0
