0
11.3038
19.5129
25.1324
28.952
31.6031
33.2667
34.6188
35.5222
36.1284
36.797
37.3681
37.8533
38.0306
38.3502
38.7429
39.0864
39.1351
39.2899
39.6016
39.9073
40.1358
40.3349
40.4283
40.481
40.5625
40.552
40.6625
40.9678
41.0274
41.0777
41.4225
41.5713
41.5499
41.6957
41.8533
41.9503
42.0211
42.0477
42.1572
42.3519
42.4591
42.4626
42.6305
42.6125
42.6476
42.7776
42.8648
43.0126
43.0952
43.1524
42.9573
42.9688
43.065
43.1939
43.16
43.2964
43.5444
43.5212
43.351
43.3824
43.51
43.4657
43.7644
43.6095
43.6429
43.6574
43.8171
43.8412
43.7952
43.8347
43.7171
43.8902
43.8237
43.822
43.985
44.0881
43.9869
43.9259
44.1226
44.192
44.3194
44.3307
44.3061
44.4887
44.5094
44.2824
44.3067
44.2897
44.322
44.266
44.3173
44.1171
44.1127
44.1254
44.1641
44.2927
44.3457
44.2839
44.3251
44.3797
44.4999
44.5427
44.5443
44.389
44.3891
44.4044
44.3302
44.2365
44.2864
44.2108
44.2074
44.1791
44.428
44.533
44.2424
44.1978
44.1769
43.9405
43.8634
43.9277
44.0213
43.8768
43.8917
43.9452
44.0172
44.0225
43.824
44.0004
43.9537
43.8108
43.6948
43.5907
43.6563
43.8132
43.953
43.9513
43.8092
43.5934
43.539
43.4632
43.5019
43.4057
43.3596
43.1958
42.934
42.8292
42.9159
42.9408
42.9522
43.0101
43.041
43.0152
42.823
42.8504
42.8716
42.7496
42.5417
42.4287
42.3436
42.2972
42.2963
42.1718
42.1344
42.0309
42.0398
41.8884
41.6546
41.7174
41.5771
41.3816
41.144
40.9111
40.8588
40.8278
40.796
40.5486
40.37
40.2015
39.9674
39.642
39.3052
39.1159
38.9172
38.8101
38.6453
38.2769
37.8758
37.7229
37.5966
37.1353
36.4066
35.5524
34.5098
33.2544
31.4405
28.8801
25.0701
19.4687
11.2087
0
