0
11.2531
19.4601
25.1014
28.9303
31.4814
33.4042
34.7536
35.5089
36.2104
36.7222
37.3539
37.7489
38.1317
38.4308
38.6973
38.9924
39.3792
39.6361
39.7694
40.0566
40.3763
40.4948
40.761
40.7928
40.6773
40.6631
40.8609
41.035
41.2515
41.517
41.7636
41.865
41.9905
41.8436
42.0142
42.175
42.1094
41.9851
42.2294
42.5086
42.5837
42.5426
42.6786
42.7766
42.9251
43.0793
43.1073
43.1975
43.3311
43.3602
43.2258
43.1408
43.2365
43.2956
43.1557
43.0575
43.1133
43.0536
43.2326
43.3191
43.4503
43.6392
43.6918
43.6473
43.6919
43.6364
43.776
43.7375
43.6827
43.734
43.7805
43.7864
43.9758
44.0401
44.0781
44.2735
44.2363
44.2175
44.1706
44.0993
44.094
44.0817
44.2203
44.1988
44.181
44.103
44.1864
44.4051
44.4634
44.3596
44.4099
44.4677
44.4176
44.2692
44.2822
44.2373
44.1707
44.1513
44.172
44.1632
44.2917
44.4063
44.3602
44.3327
44.4622
44.603
44.452
44.4331
44.3316
44.3363
44.1848
44.2536
44.3388
44.2664
44.2154
44.2768
44.2782
44.2198
44.2958
44.251
44.2281
43.9823
44.1488
44.1677
44.1725
44.088
43.953
43.9788
43.9635
44.1986
44.0522
44.023
43.9014
43.698
43.7541
43.7279
43.6218
43.588
43.5596
43.3358
43.3901
43.4273
43.3289
43.2094
42.9866
42.8273
42.5888
42.6869
42.8965
42.843
42.809
42.9006
42.8592
42.9481
42.7968
42.5562
42.3977
42.3074
42.1885
42.1285
42.1334
42.2309
41.9587
41.9605
41.9698
41.7667
41.5535
41.4267
41.5057
41.4246
41.1817
40.976
40.8041
40.7483
40.9283
40.8752
40.4566
40.059
39.976
39.9323
39.7452
39.4575
39.1351
38.8472
38.6258
38.5309
38.3191
37.9802
37.6651
37.1399
36.5017
35.8221
34.9276
33.5349
31.657
29.0094
25.1142
19.3907
11.1346
0
