0
11.2318
19.4069
24.9935
28.8933
31.6157
33.4313
34.7704
35.8037
36.53
37.0413
37.4556
37.8793
38.2251
38.4514
38.8039
39.1488
39.2323
39.4809
39.5984
39.8126
40.0166
40.3143
40.554
40.4962
40.4773
40.6581
40.8584
41.1434
41.2545
41.3978
41.5597
41.529
41.6758
41.8921
41.8632
41.9782
41.9991
42.0865
42.0032
42.1814
42.3921
42.3962
42.5193
42.5273
42.5775
42.7782
42.8247
42.7784
42.609
42.7399
42.954
42.8819
42.9867
43.0105
42.9727
43.1958
43.3415
43.4197
43.4634
43.4033
43.5816
43.6407
43.5746
43.5738
43.7458
43.8402
44.0189
43.9688
43.8847
43.9241
44.0216
44.0745
44.0496
43.9546
43.9406
43.9541
43.8544
43.9456
43.9653
43.8667
43.9025
43.9574
44.0097
44.1061
44.0453
44.0432
44.1138
43.9809
44.1796
44.2023
44.1168
44.2835
44.4095
44.4465
44.4296
44.4249
44.438
44.4106
44.4139
44.2927
44.2048
44.2389
44.207
44.0789
44.2174
44.404
44.3351
44.3529
44.2976
44.2641
44.1322
44.1523
44.1109
44.1039
44.0087
44.0359
43.9577
44.0398
44.1816
44.0108
43.899
44.173
44.2354
44.2627
44.1842
44.0447
43.7701
43.72
43.7129
43.6212
43.667
43.8016
43.705
43.7134
43.6451
43.5056
43.4366
43.4351
43.3487
43.2941
43.2482
43.4731
43.4218
43.2915
43.3299
43.3969
43.2835
43.1083
43.0729
43.0023
42.8893
42.6588
42.7251
42.8121
42.7554
42.4778
42.384
42.27
42.3321
42.2938
42.1772
42.1905
42.1388
42.0365
41.8126
41.6181
41.5801
41.6942
41.4579
41.255
41.1929
41.2014
41.1195
40.9309
40.7243
40.46
40.3438
40.0756
40.0167
39.9217
39.8555
39.6651
39.4571
38.8426
38.5093
38.2232
37.8652
37.4849
37.2071
36.8691
36.2762
35.348
34.43
33.2005
31.5302
29.0323
25.2198
19.4839
11.2797
0
