0
11.246
19.3564
25.0353
28.8616
31.4772
33.1672
34.461
35.4046
36.2862
37.0147
37.5009
37.9627
38.4818
38.8043
38.8972
39.0717
39.2801
39.5554
39.7218
39.7831
40.0982
40.3155
40.3715
40.5993
40.7529
40.7911
40.8967
41.0131
41.2901
41.6532
41.6596
41.6196
41.7168
41.7906
41.8972
42.0955
42.3325
42.3617
42.4608
42.5471
42.6031
42.3875
42.4494
42.5632
42.6861
42.8772
42.8545
43.0085
43.1048
43.0311
43.162
43.4239
43.5297
43.5026
43.5385
43.5444
43.3445
43.265
43.3246
43.3846
43.2825
43.4173
43.6297
43.7786
43.8502
43.9422
44.0792
44.106
44.173
44.1387
44.1427
44.1774
44.1331
44.1435
44.2962
44.3025
44.1009
44.1162
44.1489
44.0901
44.0985
44.2886
44.3447
44.3755
44.2955
44.4171
44.5688
44.5727
44.5158
44.5277
44.3895
44.4288
44.5705
44.475
44.491
44.3694
44.323
44.3325
44.1928
44.2521
44.4868
44.5912
44.5404
44.3846
44.5025
44.2907
44.28
44.3485
44.5056
44.5007
44.3622
44.3491
44.2359
44.2733
44.2794
44.3121
44.2788
44.2795
44.266
44.2023
44.1423
44.2148
44.3184
44.4508
44.2761
44.2517
44.2909
44.2628
44.2111
44.1203
43.9275
43.9302
43.9627
43.9651
43.9892
43.8214
43.592
43.4723
43.5638
43.6237
43.5513
43.4341
43.3073
43.3382
43.1961
43.1657
43.3978
43.3433
43.177
43.1486
43.1356
43.0201
43.012
42.9295
42.9488
42.8165
42.8602
42.6762
42.4842
42.3535
42.2268
42.1913
42.1392
42.1788
41.9386
41.824
41.7295
41.7628
41.7363
41.6011
41.4418
41.2649
41.0742
41.0656
40.919
40.8323
40.6369
40.349
40.095
39.9605
39.8659
39.7026
39.5676
39.409
39.1957
38.9378
38.5374
38.1757
37.7704
37.151
36.5219
35.8713
34.8869
33.5784
31.7131
29.1262
25.2178
19.61
11.3826
0
