0
11.3132
19.5377
25.2359
28.9678
31.5005
33.3956
34.7626
35.6848
36.5544
37.09
37.4549
37.8263
38.1892
38.5088
38.7536
38.976
39.0844
39.4009
39.7532
39.9841
40.2633
40.3355
40.3857
40.6071
40.7307
40.8899
41.2238
41.2855
41.2619
41.3613
41.5029
41.521
41.5767
41.7741
41.9426
41.9594
42.0938
42.1105
42.0968
42.222
42.3568
42.5425
42.5608
42.7856
42.8119
42.7021
42.8031
42.822
42.8914
42.9906
43.0094
42.9931
43.198
43.4341
43.4677
43.3201
43.2152
43.331
43.3584
43.333
43.4962
43.5799
43.6759
43.7679
43.6975
43.6378
43.8119
43.856
44.0006
44.0067
44.097
44.1015
44.0463
44.1001
44.1227
44.0532
44.2093
44.1697
44.063
44.1198
44.2044
44.1838
44.2096
44.251
44.2172
44.2212
44.2733
44.3256
44.3686
44.3622
44.2903
44.2075
44.4569
44.6833
44.525
44.4999
44.5093
44.424
44.3854
44.4093
44.5201
44.5461
44.2959
44.344
44.2518
44.2436
44.3848
44.3134
44.3032
44.3995
44.4212
44.4999
44.416
44.2755
44.2275
44.1548
44.0905
44.1803
44.0061
43.7518
43.6755
43.7458
43.929
43.985
44.0438
44.1107
44.0922
43.8742
43.694
43.6717
43.4459
43.6338
43.7705
43.8305
43.8437
43.6363
43.5371
43.4466
43.5235
43.5417
43.4436
43.4213
43.466
43.3489
43.2979
43.3984
43.3411
43.3564
43.1086
43.0739
42.9572
42.776
42.5648
42.5214
42.567
42.4678
42.6478
42.5403
42.4177
42.3674
42.3141
42.164
42.1534
42.0111
42.0355
41.8097
41.7223
41.4636
41.4861
41.5309
41.3479
41.1389
40.8793
40.7005
40.4637
40.3113
40.2081
40.2404
40.3174
40.0065
39.7683
39.4943
39.2316
39.0958
38.9308
38.8365
38.4457
37.7679
37.3085
36.9457
36.3281
35.6196
34.6806
33.4665
31.5759
29.0833
25.3344
19.6429
11.4807
0
