0
11.1794
19.5746
25.3826
29.3164
31.7215
33.6632
34.9264
35.8506
36.67
37.2224
37.6727
38.1061
38.3414
38.4903
38.5641
38.7822
39.1214
39.4988
39.6658
39.7279
40.0582
40.2145
40.4154
40.475
40.6436
40.7462
40.8514
40.9892
41.1028
41.2392
41.3973
41.6762
41.824
41.7581
41.7559
41.6709
41.8992
42.0706
42.3424
42.4038
42.4059
42.4093
42.4209
42.4882
42.5116
42.6183
42.8183
42.822
42.8868
42.949
43.108
43.2662
43.5388
43.6297
43.464
43.374
43.3881
43.4466
43.3934
43.3864
43.5951
43.6845
43.6474
43.6425
43.7003
43.6425
43.5893
43.5958
43.6016
43.7889
43.997
43.9516
43.9383
43.8853
43.8644
43.9653
44.0277
43.9557
44
44.0194
44.0367
43.9815
43.8913
43.9075
44.0133
43.973
44.1544
44.4114
44.4693
44.5476
44.503
44.4756
44.4079
44.4831
44.4655
44.3785
44.1724
44.274
44.4449
44.5352
44.4609
44.2979
44.0357
44.0941
44.1386
44.3748
44.5015
44.5015
44.4387
44.2212
44.1839
44.036
44.0889
44.1752
44.328
44.3595
44.2254
44.1402
44.0584
44.0851
44.0489
44.0039
44.0726
43.9845
43.9662
43.8686
43.9088
43.8121
43.7681
43.7741
43.7047
43.8811
43.7734
43.6907
43.4707
43.414
43.5414
43.4891
43.4897
43.5944
43.6954
43.6701
43.5119
43.4762
43.494
43.3715
43.1846
43.2728
43.2043
42.9816
42.8842
42.7526
42.6796
42.564
42.3867
42.2969
42.4086
42.482
42.2677
42.1055
41.8828
41.8213
41.9187
42.0216
42.063
41.8412
41.7485
41.5215
41.3622
41.3948
41.252
41.0731
40.915
40.6757
40.4912
40.3734
40.1973
40.3601
40.2902
40.0859
39.7403
39.4593
39.1765
38.8955
38.6394
38.3067
38.0325
37.6707
37.1846
36.7649
36.2416
35.6894
34.8433
33.4234
31.5814
28.9575
25.04
19.4123
11.2394
0
