0
11.3012
19.4852
25.2245
29.1492
31.7365
33.4365
34.7343
35.6214
36.264
37.0743
37.6657
38.1039
38.3443
38.6025
38.9674
39.3146
39.5819
39.808
39.935
40.096
40.2655
40.4195
40.4317
40.6952
40.8066
40.6974
40.7591
41.0139
41.1235
41.2333
41.4751
41.9082
42.0592
42.1394
42.078
42.0254
42.0977
42.2085
42.2772
42.2945
42.3973
42.4777
42.3984
42.3031
42.3728
42.375
42.5817
42.8191
43.0821
43.2122
43.2272
43.0869
43.1088
43.3171
43.2867
43.2881
43.3002
43.3982
43.3668
43.2796
43.1945
43.2796
43.2824
43.4712
43.7012
43.7273
43.6107
43.5432
43.7203
43.8819
43.9056
43.8913
43.9657
44.029
44.0729
44.0722
44.1183
43.9827
43.9204
44.0986
43.9716
43.9471
43.9084
44.1915
44.0379
43.948
44.0286
44.0396
44.202
44.4679
44.4725
44.2243
44.2903
44.3115
44.2932
44.3506
44.4572
44.4354
44.2586
44.221
44.2232
44.1251
44.2354
44.3915
44.3788
44.3394
44.1735
44.0134
44.2358
44.4279
44.3547
44.1775
44.168
44.198
44.2523
44.1369
44.1036
44.0896
44.3207
44.263
44.0981
44.0315
43.975
44.0058
43.9912
43.9523
43.8809
43.8385
43.7344
43.6201
43.7253
43.8666
43.9159
43.778
43.7217
43.4326
43.2638
43.3445
43.2612
43.143
43.054
43.0661
43.2055
43.1044
43.0741
43.0272
42.9733
42.9735
43.0593
43.1961
42.9887
42.9472
42.8086
42.6518
42.6067
42.7928
42.7779
42.7543
42.484
42.3732
42.1816
42.1364
42.0144
41.9791
41.7424
41.5571
41.547
41.5542
41.4523
41.4209
41.3419
41.3264
41.1148
40.9003
40.822
40.6474
40.3957
40.1329
39.9316
39.6886
39.4664
39.4288
39.299
38.9879
38.7616
38.5072
38.2884
37.9416
37.5277
37.0176
36.5956
35.9797
35.0406
33.5878
31.851
29.3486
25.5448
19.7088
11.348
0
