0
11.2628
19.5971
25.2843
29.0632
31.7376
33.6389
34.9596
35.7014
36.3835
37.0165
37.4571
37.9048
38.3011
38.466
38.6914
39.0786
39.4675
39.7015
39.857
39.9923
39.945
40.1402
40.2924
40.4134
40.6288
40.8032
40.9179
41.1977
41.2871
41.4075
41.5697
41.6743
41.8716
42.0073
41.9436
41.932
41.9334
41.8654
41.9236
42.1902
42.52
42.7791
42.7435
42.674
42.5374
42.643
42.7914
42.9857
43.1274
43.0521
43.0451
43.1419
43.2883
43.3281
43.2711
43.4716
43.5508
43.5589
43.6257
43.7996
43.9153
43.8816
43.7583
43.5981
43.6171
43.6992
43.8631
43.8221
43.8619
43.9838
44.0357
43.8959
44.0642
44.0948
44.0028
43.9509
43.9708
44.0397
44.0401
44.2466
44.428
44.4086
44.2532
44.2344
44.3561
44.31
44.1645
44.1244
44.252
44.3645
44.3218
44.4162
44.5191
44.6559
44.6845
44.7351
44.6661
44.5122
44.3563
44.4236
44.536
44.5785
44.6031
44.3541
44.214
44.3846
44.2994
44.1341
44.1035
44.0533
44.1545
44.2267
44.1909
44.1906
44.3503
44.5849
44.532
44.4586
44.4398
44.2687
44.1651
44.0372
43.93
44.1168
44.2315
44.2184
44.2538
44.0875
43.958
43.9464
43.9799
43.9961
44.0024
43.8982
43.9998
44.1751
44.08
43.9103
43.5972
43.3042
43.43
43.5074
43.5332
43.5394
43.5948
43.4129
43.1704
43.0944
43.0025
43.0232
43.0909
43.1117
43.1774
42.9957
42.8784
42.7183
42.6736
42.5618
42.4218
42.3175
42.1198
42.044
42.1575
42.1383
42.012
41.8448
41.6976
41.4586
41.3894
41.441
41.2256
41.0681
41.076
40.9483
40.7571
40.6133
40.5893
40.3785
40.2737
40.1768
39.8449
39.4448
39.0654
38.8165
38.6756
38.4848
38.1978
37.8787
37.4092
36.9522
36.4262
35.6953
34.8896
33.6587
31.85
29.1292
25.178
19.4633
11.1694
0
