0
11.3134
19.6341
25.2024
28.9811
31.5193
33.2376
34.7195
35.6249
36.1897
36.902
37.5845
37.911
38.2989
38.5804
38.7906
39.2026
39.4617
39.6628
39.7302
39.916
40.1703
40.3448
40.601
40.8688
40.8719
40.9445
41.1424
41.1663
41.1067
41.0396
41.1942
41.3346
41.5516
41.8137
41.9823
42.2093
42.401
42.4607
42.5464
42.6418
42.7718
42.7442
42.7873
42.6898
42.7893
42.8342
42.9317
42.8876
42.8267
42.9914
43.0861
43.1706
43.1229
43.1314
43.1806
43.2464
43.4381
43.6756
43.7793
43.5413
43.6937
44.0657
44.1442
43.9753
43.785
43.703
43.5892
43.7261
43.7311
43.8356
44.0427
44.0767
44.1274
44.2732
44.2577
44.2281
44.215
44.3127
44.4433
44.4599
44.3647
44.4152
44.4298
44.2751
44.242
44.0851
44.0653
44.1576
44.251
44.2018
44.2375
44.3962
44.3076
44.2827
44.1762
44.2304
44.3223
44.4349
44.3928
44.5512
44.5036
44.4343
44.3919
44.4401
44.3726
44.3324
44.4321
44.4087
44.323
44.3239
44.4261
44.3344
44.3102
44.2829
44.1718
44.1944
44.2109
44.1783
44.2255
44.2765
44.1957
44.3164
44.2448
44.212
44.1024
44.0635
44.0786
44.1354
44.2227
44.2206
44.1161
43.9179
43.6673
43.858
43.7998
43.5928
43.6486
43.8028
43.7384
43.6273
43.6248
43.7075
43.7655
43.6654
43.3277
43.2425
43.0893
43.0672
43.1135
43.1647
43.2552
43.1232
43.0645
42.9544
42.6907
42.7781
42.5815
42.4404
42.2479
42.3033
42.3088
42.1063
42.0219
41.9045
41.875
41.7462
41.8135
41.6303
41.4865
41.2919
41.2389
41.3287
41.178
40.8989
40.6327
40.6563
40.421
40.2742
40.1666
40.1336
40.0123
39.8019
39.503
39.1229
38.8256
38.5944
38.1063
37.7082
37.2607
36.8507
36.4614
35.7033
34.7514
33.4245
31.5918
29.0085
25.1744
19.4311
11.1974
0
