0
11.3912
19.5877
25.2681
29.0567
31.523
33.2791
34.5627
35.488
36.1316
36.5377
36.9256
37.2464
37.6356
37.9945
38.345
38.6222
38.8477
39.0514
39.4481
39.5117
39.5698
39.7946
40.0082
40.0125
40.095
40.2152
40.366
40.4269
40.4748
40.665
40.846
40.9402
41.0885
41.1837
41.3813
41.5357
41.6728
41.5902
41.5258
41.6754
41.7868
41.8898
41.936
42.0446
42.1244
42.051
42.1575
42.2082
42.281
42.359
42.4185
42.4966
42.5412
42.6392
42.5404
42.4225
42.4909
42.669
42.9332
43.0911
42.8837
42.8637
42.8523
42.8464
42.9911
43.1434
43.1849
43.1609
43.0819
43.0017
43.0183
43.0388
43.1519
43.3755
43.4968
43.4173
43.3656
43.405
43.3422
43.198
43.3945
43.3755
43.3114
43.23
43.1849
43.2286
43.2628
43.283
43.2835
43.3722
43.591
43.5976
43.5232
43.5905
43.6736
43.5031
43.5392
43.6072
43.6686
43.6197
43.5345
43.5972
43.6104
43.5563
43.6019
43.6786
43.5808
43.4481
43.3563
43.3239
43.3698
43.3785
43.3433
43.2482
43.3914
43.4494
43.261
43.2696
43.3247
43.3527
43.4242
43.2768
43.1886
43.1562
43.1042
43.1692
43.2166
43.1491
43.1931
43.0166
42.9871
43.0213
42.9005
42.7431
42.6555
42.5971
42.6954
42.8282
42.8002
42.9233
42.8909
42.9036
42.6353
42.6437
42.3849
42.2764
42.3896
42.3696
42.4596
42.424
42.5144
42.4776
42.403
42.4034
42.0228
41.7438
41.7354
41.6849
41.6682
41.6241
41.6141
41.6401
41.5424
41.4866
41.2984
41.1089
40.8894
40.7111
40.7049
40.5141
40.5056
40.4586
40.3847
40.3786
40.1529
40.0441
39.8868
39.6692
39.3379
39.1799
38.9765
38.7224
38.6966
38.5201
38.3217
37.8728
37.5914
37.1275
36.6206
36.1344
35.6756
35.1226
34.146
32.777
31.0644
28.5754
24.9269
19.4562
11.3616
0
