0
11.484
19.8147
25.6386
29.5699
32.1874
33.8401
35.0681
35.996
36.7671
37.2399
37.6009
37.9228
38.287
38.6966
38.9835
38.9949
39.2111
39.3722
39.633
39.9014
40.0856
40.4499
40.4731
40.5754
40.6037
40.7394
40.957
41.2202
41.32
41.5129
41.6422
41.7411
41.8131
41.9823
42.0804
42.0943
42.1534
42.176
42.3054
42.4387
42.4903
42.6073
42.8226
42.7865
42.8335
43.0397
43.061
43.0711
43.1972
43.1819
43.1443
43.2538
43.3242
43.3423
43.3274
43.3345
43.4701
43.6319
43.7565
43.7048
43.7177
43.6782
43.6631
43.803
43.9059
43.8246
43.7771
43.7851
43.8862
43.9212
43.8804
43.7015
43.6866
43.8156
43.8492
43.9345
43.9919
44.1825
44.0887
44.1478
43.9302
43.9286
43.9721
44.1219
44.2283
44.2706
44.2889
44.3939
44.3379
44.3528
44.4964
44.3897
44.2177
44.1358
44.1265
44.1369
44.3363
44.2644
44.2407
44.3325
44.2216
44.3952
44.5852
44.2723
44.1345
44.1112
44.1463
43.9395
44.0892
44.1544
44.1637
44.1861
43.9965
44.2215
44.3217
44.1662
44.2155
44.2177
44.1596
44.2014
44.0624
44.0212
44.0492
44.0582
44.0525
43.9545
44.0479
44.0795
43.9756
43.7285
43.4375
43.5333
43.6324
43.4519
43.2741
43.3446
43.4992
43.402
43.3616
43.2773
43.0964
43.225
43.2757
43.2442
43.2328
43.2825
43.1125
43.177
43.1298
43.2184
43.1397
43.1417
42.9758
42.9016
42.6957
42.6153
42.7091
42.5285
42.4765
42.4102
42.454
42.3806
42.2118
41.962
41.8264
41.6622
41.4916
41.5013
41.2134
41.0328
41.0076
41.1594
41.1189
40.9733
40.8735
40.8061
40.6518
40.4336
40.1725
39.8872
39.6452
39.3539
39.1365
38.9148
38.7194
38.5728
38.0897
37.6392
37.0846
36.6288
36.3158
35.6726
34.7281
33.4628
31.5135
28.8512
25.0684
19.2647
11.1948
0
